   ------------------------------------------------------------
  | Welcome to ROOT 6.18/04                  https://root.cern |
  |                               (c) 1995-2019, The ROOT Team |
  | Built for linuxx8664gcc on Sep 11 2019, 15:38:23           |
  | From tags/v6-18-04@v6-18-04                                |
  | Try '.help', '.demo', '.license', '.credits', '.quit'/'.q' |
   ------------------------------------------------------------


Processing FC.cpp...
Time it took to fill table: 0.871554s
	0.01	0	5
	0.02	0	5
	0.03	0	5
	0.04	0	5
	0.05	0	5
	0.06	0	5
	0.07	0	5
	0.08	0	5
	0.09	0	5
	0.1		0	5
	0.11	0	5
	0.12	0	5
	0.13	0	5
	0.14	0	5
	0.15	0	5
	0.16	0	6
	0.17	0	6
	0.18	0	6
	0.19	0	6
	0.2		0	6
	0.21	0	6
	0.22	0	6
	0.23	0	6
	0.24	0	6
	0.25	0	6
	0.26	0	6
	0.27	0	6
	0.28	0	6
	0.29	0	6
	0.3		0	6
	0.31	0	6
	0.32	0	6
	0.33	0	6
	0.34	0	6
	0.35	0	6
	0.36	0	6
	0.37	0	6
	0.38	0	6
	0.39	0	6
	0.4		0	6
	0.41	0	6
	0.42	0	6
	0.43	0	6
	0.44	0	6
	0.45	0	6
	0.46	0	6
	0.47	0	6
	0.48	0	6
	0.49	0	6
	0.5		0	6
	0.51	0	6
	0.52	0	6
	0.53	0	6
	0.54	0	6
	0.55	0	6
	0.56	0	6
	0.57	0	6
	0.58	0	6
	0.59	0	6
	0.6		0	6
	0.61	0	6
	0.62	0	6
	0.63	0	6
	0.64	0	6
	0.65	0	6
	0.66	0	6
	0.67	0	6
	0.68	0	6
	0.69	0	6
	0.7		0	6
	0.71	0	6
	0.72	0	6
	0.73	0	6
	0.74	0	6
	0.75	0	6
	0.76	0	6
	0.77	0	6
	0.78	0	6
	0.79	0	6
	0.8		0	6
	0.81	0	6
	0.82	0	6
	0.83	0	6
	0.84	0	6
	0.85	0	6
	0.86	0	6
	0.87	0	6
	0.88	0	6
	0.89	0	6
	0.9		0	7
	0.91	0	7
	0.92	0	7
	0.93	0	7
	0.94	0	7
	0.95	0	7
	0.96	1	7
	0.97	1	7
	0.98	1	7
	0.99	1	7
	1		1	7
	1.01	1	7
	1.02	1	7
	1.03	1	7
	1.04	1	7
	1.05	1	7
	1.06	1	7
	1.07	1	7
	1.08	1	7
	1.09	1	7
	1.1	1	7
	1.11	1	7
	1.12	1	7
	1.13	1	7
	1.14	1	7
	1.15	1	7
	1.16	1	7
	1.17	1	7
	1.18	1	7
	1.19	1	7
	1.2	1	7
	1.21	1	7
	1.22	1	7
	1.23	1	7
	1.24	1	7
	1.25	1	7
	1.26	1	7
	1.27	1	7
	1.28	1	7
	1.29	1	7
	1.3	1	7
	1.31	1	7
	1.32	1	7
	1.33	1	7
	1.34	1	7
	1.35	1	7
	1.36	1	7
	1.37	1	7
	1.38	1	7
	1.39	1	7
	1.4	1	7
	1.41	1	7
	1.42	1	7
	1.43	1	7
	1.44	1	7
	1.45	1	7
	1.46	1	7
	1.47	1	7
	1.48	1	7
	1.49	1	7
	1.5	1	7
	1.51	1	8
	1.52	1	8
	1.53	1	8
	1.54	1	8
	1.55	1	8
	1.56	1	8
	1.57	1	8
	1.58	1	8
	1.59	1	8
	1.6	1	8
	1.61	1	8
	1.62	1	8
	1.63	1	8
	1.64	1	8
	1.65	1	8
	1.66	1	8
	1.67	1	8
	1.68	1	8
	1.69	1	8
	1.7	1	8
	1.71	1	8
	1.72	1	8
	1.73	1	8
	1.74	1	8
	1.75	1	8
	1.76	1	8
	1.77	1	8
	1.78	1	8
	1.79	1	8
	1.8	1	8
	1.81	1	8
	1.82	1	8
	1.83	1	8
	1.84	1	8
	1.85	1	8
	1.86	1	8
	1.87	1	8
	1.88	2	9
	1.89	2	9
	1.9	2	9
	1.91	2	9
	1.92	2	9
	1.93	2	9
	1.94	2	9
	1.95	2	9
	1.96	2	9
	1.97	2	9
	1.98	2	9
	1.99	2	9
	2	2	9
	2.01	2	9
	2.02	2	9
	2.03	2	9
	2.04	2	9
	2.05	2	9
	2.06	2	9
	2.07	2	9
	2.08	2	9
	2.09	2	9
	2.1	2	9
	2.11	2	9
	2.12	2	9
	2.13	2	9
	2.14	2	9
	2.15	2	9
	2.16	2	9
	2.17	2	9
	2.18	2	9
	2.19	2	9
	2.2	2	9
	2.21	2	9
	2.22	2	9
	2.23	2	9
	2.24	2	9
	2.25	2	9
	2.26	2	9
	2.27	2	9
	2.28	2	9
	2.29	2	9
	2.3	2	9
	2.31	2	9
	2.32	2	9
	2.33	2	9
	2.34	2	9
	2.35	2	9
	2.36	2	9
	2.37	2	9
	2.38	2	9
	2.39	2	9
	2.4	2	9
	2.41	2	9
	2.42	2	9
	2.43	2	9
	2.44	2	9
	2.45	2	9
	2.46	2	9
	2.47	2	9
	2.48	2	9
	2.49	2	9
	2.5	2	9
	2.51	2	9
	2.52	2	9
	2.53	2	9
	2.54	2	9
	2.55	2	9
	2.56	2	9
	2.57	2	9
	2.58	2	9
	2.59	2	9
	2.6	2	9
	2.61	2	9
	2.62	2	9
	2.63	2	9
	2.64	2	10
	2.65	2	10
	2.66	2	10
	2.67	2	10
	2.68	2	10
	2.69	2	10
	2.7	2	10
	2.71	2	10
	2.72	2	10
	2.73	2	10
	2.74	2	10
	2.75	2	10
	2.76	2	10
	2.77	2	10
	2.78	2	10
	2.79	2	10
	2.8	2	10
	2.81	2	10
	2.82	2	10
	2.83	2	10
	2.84	2	10
	2.85	2	10
	2.86	2	10
	2.87	2	10
	2.88	2	10
	2.89	2	10
	2.9	2	10
	2.91	2	10
	2.92	2	10
	2.93	2	10
	2.94	2	10
	2.95	2	10
	2.96	2	10
	2.97	2	10
	2.98	2	10
	2.99	2	10
	3	2	10
	3.01	2	10
	3.02	2	10
	3.03	2	10
	3.04	3	11
	3.05	3	11
	3.06	3	11
	3.07	3	11
	3.08	3	11
	3.09	3	11
	3.1	3	11
	3.11	3	11
	3.12	3	11
	3.13	3	11
	3.14	3	11
	3.15	3	11
	3.16	3	11
	3.17	3	11
	3.18	3	11
	3.19	3	11
	3.2	3	11
	3.21	3	11
	3.22	3	11
	3.23	3	11
	3.24	3	11
	3.25	3	11
	3.26	3	11
	3.27	3	11
	3.28	3	11
	3.29	3	11
	3.3	3	11
	3.31	3	11
	3.32	3	11
	3.33	3	11
	3.34	3	11
	3.35	3	11
	3.36	3	11
	3.37	3	11
	3.38	3	11
	3.39	3	11
	3.4	3	11
	3.41	3	11
	3.42	3	11
	3.43	3	11
	3.44	3	11
	3.45	3	11
	3.46	3	11
	3.47	3	11
	3.48	3	11
	3.49	3	11
	3.5	3	11
	3.51	3	11
	3.52	3	11
	3.53	3	11
	3.54	3	11
	3.55	3	11
	3.56	3	11
	3.57	3	11
	3.58	3	11
	3.59	3	11
	3.6	3	11
	3.61	3	11
	3.62	3	11
	3.63	3	11
	3.64	3	11
	3.65	3	11
	3.66	3	11
	3.67	3	11
	3.68	3	11
	3.69	3	11
	3.7	3	11
	3.71	3	11
	3.72	3	11
	3.73	3	11
	3.74	3	11
	3.75	3	11
	3.76	3	11
	3.77	3	11
	3.78	3	11
	3.79	3	11
	3.8	3	11
	3.81	3	11
	3.82	3	11
	3.83	3	11
	3.84	3	11
	3.85	3	11
	3.86	3	11
	3.87	3	11
	3.88	3	11
	3.89	3	11
	3.9	3	11
	3.91	3	11
	3.92	3	11
	3.93	3	11
	3.94	3	11
	3.95	3	11
	3.96	3	11
	3.97	3	11
	3.98	3	11
	3.99	3	11
	4	3	11
	4.01	3	12
	4.02	3	12
	4.03	3	12
	4.04	3	12
	4.05	3	12
	4.06	3	12
	4.07	3	12
	4.08	3	12
	4.09	3	12
	4.1	3	12
	4.11	3	12
	4.12	3	12
	4.13	3	12
	4.14	3	12
	4.15	3	12
	4.16	3	12
	4.17	3	12
	4.18	3	12
	4.19	3	12
	4.2	3	12
	4.21	3	12
	4.22	3	12
	4.23	3	12
	4.24	3	12
	4.25	3	12
	4.26	3	12
	4.27	3	12
	4.28	3	12
	4.29	3	12
	4.3	3	12
	4.31	3	12
	4.32	3	12
	4.33	3	12
	4.34	3	12
	4.35	3	12
	4.36	3	12
	4.37	3	12
	4.38	3	12
	4.39	3	12
	4.4	3	12
	4.41	3	12
	4.42	3	12
	4.43	4	13
	4.44	4	13
	4.45	4	13
	4.46	4	13
	4.47	4	13
	4.48	4	13
	4.49	4	13
	4.5	4	13
	4.51	4	13
	4.52	4	13
	4.53	4	13
	4.54	4	13
	4.55	4	13
	4.56	4	13
	4.57	4	13
	4.58	4	13
	4.59	4	13
	4.6	4	13
	4.61	4	13
	4.62	4	13
	4.63	4	13
	4.64	4	13
	4.65	4	13
	4.66	4	13
	4.67	4	13
	4.68	4	13
	4.69	4	13
	4.7	4	13
	4.71	4	13
	4.72	4	13
	4.73	4	13
	4.74	4	13
	4.75	4	13
	4.76	4	13
	4.77	4	13
	4.78	4	13
	4.79	4	13
	4.8	4	13
	4.81	4	13
	4.82	4	13
	4.83	4	13
	4.84	4	13
	4.85	4	13
	4.86	4	13
	4.87	4	13
	4.88	4	13
	4.89	4	13
	4.9	4	13
	4.91	4	13
	4.92	4	13
	4.93	4	13
	4.94	4	13
	4.95	4	13
	4.96	4	13
	4.97	4	13
	4.98	4	13
	4.99	4	13
	5	4	13
	5.01	4	13
	5.02	4	13
	5.03	4	13
	5.04	4	13
	5.05	4	13
	5.06	4	13
	5.07	4	13
	5.08	4	13
	5.09	4	13
	5.1	4	13
	5.11	4	13
	5.12	4	13
	5.13	4	13
	5.14	4	13
	5.15	4	13
	5.16	4	13
	5.17	4	13
	5.18	4	13
	5.19	4	13
	5.2	4	13
	5.21	4	13
	5.22	4	13
	5.23	4	13
	5.24	4	13
	5.25	4	13
	5.26	4	13
	5.27	4	13
	5.28	4	13
	5.29	4	13
	5.3	4	13
	5.31	4	13
	5.32	4	13
	5.33	4	13
	5.34	4	13
	5.35	4	13
	5.36	4	13
	5.37	4	13
	5.38	4	13
	5.39	4	13
	5.4	4	13
	5.41	4	13
	5.42	4	13
	5.43	4	13
	5.44	4	13
	5.45	4	13
	5.46	4	13
	5.47	4	13
	5.48	4	13
	5.49	4	13
	5.5	4	13
	5.51	4	14
	5.52	4	14
	5.53	4	14
	5.54	4	14
	5.55	4	14
	5.56	4	14
	5.57	4	14
	5.58	4	14
	5.59	4	14
	5.6	5	14
	5.61	5	14
	5.62	5	14
	5.63	5	14
	5.64	5	14
	5.65	5	14
	5.66	5	14
	5.67	5	14
	5.68	5	14
	5.69	5	14
	5.7	5	14
	5.71	5	14
	5.72	5	14
	5.73	5	14
	5.74	5	14
	5.75	5	14
	5.76	5	14
	5.77	5	14
	5.78	5	14
	5.79	5	14
	5.8	5	14
	5.81	5	14
	5.82	5	14
	5.83	5	14
	5.84	5	14
	5.85	5	14
	5.86	5	14
	5.87	5	14
	5.88	5	14
	5.89	5	14
	5.9	5	14
	5.91	5	14
	5.92	5	14
	5.93	5	14
	5.94	5	14
	5.95	5	14
	5.96	5	14
	5.97	5	14
	5.98	5	14
	5.99	5	14
	6	5	14
	6.01	5	14
	6.02	5	14
	6.03	5	14
	6.04	5	14
	6.05	5	14
	6.06	5	14
	6.07	5	14
	6.08	5	14
	6.09	5	14
	6.1	5	14
	6.11	5	14
	6.12	5	14
	6.13	5	14
	6.14	5	14
	6.15	5	14
	6.16	5	14
	6.17	5	14
	6.18	5	14
	6.19	5	14
	6.2	5	14
	6.21	5	14
	6.22	5	14
	6.23	5	14
	6.24	5	14
	6.25	5	14
	6.26	5	14
	6.27	5	14
	6.28	5	14
	6.29	5	14
	6.3	5	14
	6.31	5	14
	6.32	5	14
	6.33	5	14
	6.34	5	14
	6.35	5	14
	6.36	5	14
	6.37	5	14
	6.38	5	14
	6.39	5	14
	6.4	5	14
	6.41	5	14
	6.42	5	14
	6.43	5	14
	6.44	5	14
	6.45	5	14
	6.46	5	14
	6.47	5	14
	6.48	5	14
	6.49	5	15
	6.5	5	15
	6.51	5	15
	6.52	5	15
	6.53	5	15
	6.54	5	15
	6.55	5	15
	6.56	5	15
	6.57	5	15
	6.58	5	15
	6.59	5	15
	6.6	5	15
	6.61	5	15
	6.62	5	15
	6.63	5	15
	6.64	5	15
	6.65	5	15
	6.66	5	15
	6.67	5	15
	6.68	5	15
	6.69	5	15
	6.7	5	15
	6.71	5	15
	6.72	5	15
	6.73	5	15
	6.74	5	15
	6.75	5	15
	6.76	5	15
	6.77	5	15
	6.78	5	15
	6.79	5	15
	6.8	5	15
	6.81	5	15
	6.82	5	15
	6.83	5	15
	6.84	5	15
	6.85	5	15
	6.86	5	15
	6.87	5	15
	6.88	5	15
	6.89	5	15
	6.9	5	15
	6.91	5	15
	6.92	5	15
	6.93	5	15
	6.94	5	15
	6.95	5	15
	6.96	5	15
	6.97	5	15
	6.98	5	15
	6.99	6	16
	7	6	16
	7.01	6	16
	7.02	6	16
	7.03	6	16
	7.04	6	16
	7.05	6	16
	7.06	6	16
	7.07	6	16
	7.08	6	16
	7.09	6	16
	7.1	6	16
	7.11	6	16
	7.12	6	16
	7.13	6	16
	7.14	6	16
	7.15	6	16
	7.16	6	16
	7.17	6	16
	7.18	6	16
	7.19	6	16
	7.2	6	16
	7.21	6	16
	7.22	6	16
	7.23	6	16
	7.24	6	16
	7.25	6	16
	7.26	6	16
	7.27	6	16
	7.28	6	16
	7.29	6	16
	7.3	6	16
	7.31	6	16
	7.32	6	16
	7.33	6	16
	7.34	6	16
	7.35	6	16
	7.36	6	16
	7.37	6	16
	7.38	6	16
	7.39	6	16
	7.4	6	16
	7.41	6	16
	7.42	6	16
	7.43	6	16
	7.44	6	16
	7.45	6	16
	7.46	6	16
	7.47	6	16
	7.48	6	16
	7.49	6	16
	7.5	6	16
	7.51	6	16
	7.52	6	16
	7.53	6	16
	7.54	6	16
	7.55	6	16
	7.56	6	16
	7.57	6	16
	7.58	6	16
	7.59	6	16
	7.6	6	16
	7.61	6	16
	7.62	6	16
	7.63	6	16
	7.64	6	16
	7.65	6	16
	7.66	6	16
	7.67	6	16
	7.68	6	16
	7.69	6	16
	7.7	6	16
	7.71	6	16
	7.72	6	16
	7.73	6	16
	7.74	6	16
	7.75	6	16
	7.76	6	16
	7.77	6	16
	7.78	6	16
	7.79	6	16
	7.8	6	16
	7.81	6	16
	7.82	6	16
	7.83	6	16
	7.84	6	16
	7.85	6	16
	7.86	6	16
	7.87	6	16
	7.88	6	16
	7.89	6	16
	7.9	6	16
	7.91	6	16
	7.92	6	16
	7.93	6	16
	7.94	6	16
	7.95	6	16
	7.96	6	16
	7.97	6	16
	7.98	6	16
	7.99	6	16
	8	6	16
	8.01	6	16
	8.02	6	16
	8.03	6	16
	8.04	6	17
	8.05	6	17
	8.06	6	17
	8.07	6	17
	8.08	6	17
	8.09	6	17
	8.1	6	17
	8.11	6	17
	8.12	6	17
	8.13	6	17
	8.14	6	17
	8.15	6	17
	8.16	6	17
	8.17	6	17
	8.18	6	17
	8.19	6	17
	8.2	6	17
	8.21	6	17
	8.22	6	17
	8.23	6	17
	8.24	6	17
	8.25	6	17
	8.26	6	17
	8.27	6	17
	8.28	6	17
	8.29	6	17
	8.3	6	17
	8.31	6	17
	8.32	6	17
	8.33	6	17
	8.34	6	17
	8.35	6	17
	8.36	6	17
	8.37	6	17
	8.38	6	17
	8.39	6	17
	8.4	6	17
	8.41	6	17
	8.42	6	17
	8.43	6	17
	8.44	6	17
	8.45	6	17
	8.46	6	17
	8.47	7	18
	8.48	7	18
	8.49	7	18
	8.5	7	18
	8.51	7	18
	8.52	7	18
	8.53	7	18
	8.54	7	18
	8.55	7	18
	8.56	7	18
	8.57	7	18
	8.58	7	18
	8.59	7	18
	8.6	7	18
	8.61	7	18
	8.62	7	18
	8.63	7	18
	8.64	7	18
	8.65	7	18
	8.66	7	18
	8.67	7	18
	8.68	7	18
	8.69	7	18
	8.7	7	18
	8.71	7	18
	8.72	7	18
	8.73	7	18
	8.74	7	18
	8.75	7	18
	8.76	7	18
	8.77	7	18
	8.78	7	18
	8.79	7	18
	8.8	7	18
	8.81	7	18
	8.82	7	18
	8.83	7	18
	8.84	7	18
	8.85	7	18
	8.86	7	18
	8.87	7	18
	8.88	7	18
	8.89	7	18
	8.9	7	18
	8.91	7	18
	8.92	7	18
	8.93	7	18
	8.94	7	18
	8.95	7	18
	8.96	7	18
	8.97	7	18
	8.98	7	18
	8.99	7	18
	9	7	18
	9.01	7	18
	9.02	7	18
	9.03	7	18
	9.04	7	18
	9.05	7	18
	9.06	7	18
	9.07	7	18
	9.08	7	18
	9.09	7	18
	9.1	7	18
	9.11	7	18
	9.12	7	18
	9.13	7	18
	9.14	7	18
	9.15	7	18
	9.16	7	18
	9.17	7	18
	9.18	7	18
	9.19	7	18
	9.2	7	18
	9.21	7	18
	9.22	7	18
	9.23	7	18
	9.24	7	18
	9.25	7	18
	9.26	7	18
	9.27	7	18
	9.28	7	18
	9.29	7	18
	9.3	7	18
	9.31	7	18
	9.32	7	18
	9.33	7	18
	9.34	7	18
	9.35	7	18
	9.36	7	18
	9.37	7	18
	9.38	7	18
	9.39	7	18
	9.4	7	18
	9.41	7	18
	9.42	7	18
	9.43	7	18
	9.44	7	18
	9.45	7	18
	9.46	7	18
	9.47	7	18
	9.48	7	18
	9.49	7	18
	9.5	7	18
	9.51	7	18
	9.52	7	19
	9.53	7	19
	9.54	8	19
	9.55	8	19
	9.56	8	19
	9.57	8	19
	9.58	8	19
	9.59	8	19
	9.6	8	19
	9.61	8	19
	9.62	8	19
	9.63	8	19
	9.64	8	19
	9.65	8	19
	9.66	8	19
	9.67	8	19
	9.68	8	19
	9.69	8	19
	9.7	8	19
	9.71	8	19
	9.72	8	19
	9.73	8	19
	9.74	8	19
	9.75	8	19
	9.76	8	19
	9.77	8	19
	9.78	8	19
	9.79	8	19
	9.8	8	19
	9.81	8	19
	9.82	8	19
	9.83	8	19
	9.84	8	19
	9.85	8	19
	9.86	8	19
	9.87	8	19
	9.88	8	19
	9.89	8	19
	9.9	8	19
	9.91	8	19
	9.92	8	19
	9.93	8	19
	9.94	8	19
	9.95	8	19
	9.96	8	19
	9.97	8	19
	9.98	8	19
	9.99	8	19
	10	8	19
	10.01	8	19
	10.02	8	19
	10.03	8	19
	10.04	8	19
	10.05	8	19
	10.06	8	19
	10.07	8	19
	10.08	8	19
	10.09	8	19
	10.1	8	19
	10.11	8	19
	10.12	8	19
	10.13	8	19
	10.14	8	19
	10.15	8	19
	10.16	8	19
	10.17	8	19
	10.18	8	19
	10.19	8	19
	10.2	8	19
	10.21	8	19
	10.22	8	19
	10.23	8	19
	10.24	8	19
	10.25	8	19
	10.26	8	19
	10.27	8	19
	10.28	8	19
	10.29	8	19
	10.3	8	19
	10.31	8	19
	10.32	8	19
	10.33	8	19
	10.34	8	19
	10.35	8	19
	10.36	8	19
	10.37	8	19
	10.38	8	19
	10.39	8	19
	10.4	8	19
	10.41	8	19
	10.42	8	19
	10.43	8	19
	10.44	8	19
	10.45	8	19
	10.46	8	19
	10.47	8	19
	10.48	8	19
	10.49	8	19
	10.5	8	19
	10.51	8	19
	10.52	8	19
	10.53	8	19
	10.54	8	19
	10.55	8	19
	10.56	8	20
	10.57	8	20
	10.58	8	20
	10.59	8	20
	10.6	8	20
	10.61	8	20
	10.62	8	20
	10.63	8	20
	10.64	8	20
	10.65	8	20
	10.66	8	20
	10.67	8	20
	10.68	8	20
	10.69	8	20
	10.7	8	20
	10.71	8	20
	10.72	8	20
	10.73	8	20
	10.74	8	20
	10.75	8	20
	10.76	8	20
	10.77	8	20
	10.78	8	20
	10.79	8	20
	10.8	8	20
	10.81	8	20
	10.82	8	20
	10.83	8	20
	10.84	8	20
	10.85	8	20
	10.86	8	20
	10.87	8	20
	10.88	8	20
	10.89	8	20
	10.9	8	20
	10.91	8	20
	10.92	8	20
	10.93	8	20
	10.94	8	20
	10.95	8	20
	10.96	8	20
	10.97	8	20
	10.98	8	20
	10.99	8	20
	11	9	21
	11.01	9	21
	11.02	9	21
	11.03	9	21
	11.04	9	21
	11.05	9	21
	11.06	9	21
	11.07	9	21
	11.08	9	21
	11.09	9	21
	11.1	9	21
	11.11	9	21
	11.12	9	21
	11.13	9	21
	11.14	9	21
	11.15	9	21
	11.16	9	21
	11.17	9	21
	11.18	9	21
	11.19	9	21
	11.2	9	21
	11.21	9	21
	11.22	9	21
	11.23	9	21
	11.24	9	21
	11.25	9	21
	11.26	9	21
	11.27	9	21
	11.28	9	21
	11.29	9	21
	11.3	9	21
	11.31	9	21
	11.32	9	21
	11.33	9	21
	11.34	9	21
	11.35	9	21
	11.36	9	21
	11.37	9	21
	11.38	9	21
	11.39	9	21
	11.4	9	21
	11.41	9	21
	11.42	9	21
	11.43	9	21
	11.44	9	21
	11.45	9	21
	11.46	9	21
	11.47	9	21
	11.48	9	21
	11.49	9	21
	11.5	9	21
	11.51	9	21
	11.52	9	21
	11.53	9	21
	11.54	9	21
	11.55	9	21
	11.56	9	21
	11.57	9	21
	11.58	9	21
	11.59	9	21
	11.6	9	21
	11.61	9	21
	11.62	9	21
	11.63	9	21
	11.64	9	21
	11.65	9	21
	11.66	9	21
	11.67	9	21
	11.68	9	21
	11.69	9	21
	11.7	9	21
	11.71	9	21
	11.72	9	21
	11.73	9	21
	11.74	9	21
	11.75	9	21
	11.76	9	21
	11.77	9	21
	11.78	9	21
	11.79	9	21
	11.8	9	21
	11.81	9	21
	11.82	9	21
	11.83	9	21
	11.84	9	21
	11.85	9	21
	11.86	9	21
	11.87	9	21
	11.88	9	21
	11.89	9	21
	11.9	9	21
	11.91	9	21
	11.92	9	21
	11.93	9	21
	11.94	9	21
	11.95	9	21
	11.96	9	21
	11.97	9	21
	11.98	9	21
	11.99	9	21
	12	9	21
	12.01	9	21
	12.02	9	21
	12.03	9	22
	12.04	9	22
	12.05	9	22
	12.06	9	22
	12.07	9	22
	12.08	9	22
	12.09	9	22
	12.1	9	22
	12.11	9	22
	12.12	9	22
	12.13	9	22
	12.14	9	22
	12.15	9	22
	12.16	9	22
	12.17	9	22
	12.18	9	22
	12.19	9	22
	12.2	9	22
	12.21	9	22
	12.22	9	22
	12.23	9	22
	12.24	9	22
	12.25	9	22
	12.26	9	22
	12.27	9	22
	12.28	9	22
	12.29	9	22
	12.3	10	22

  mu U 	 	n_min 	 n_max
	 0			0		5
	 0.96		1		7
	 1.88		2		9
	 3.04		3		11
	 4.43		4		13
	 5.6		5		14
	 6.99		6		16
	 8.47		7		18
	 9.54		8		19
	 11			9		21
	 12.3		10		22
(int) 0
